11100011101001100000100101100000
11100001101000000110010010000110
11100010100001100110000000000100
11100011101010100000000000000000
11100101110100000001000000000000
11100011010100010000000000000001
11011011000000000000000000000010
11011011000000000000000001110110
11100101110000000000000000000000
11101010111111111111111111111001
11100011010110100000000000000000
00001010000000000000000000001111
11100011010110100000000000000001
00001010000000000000000000011000
11100011010110100000000000000010
00001010000000000000000000100001
11100011010110100000000000000011
00001010000000000000000000101010
11100011010110100000000000000100
00001010000000000000000000110011
11100011010110100000000000000101
00001010000000000000000000111100
11100011010110100000000000000110
00001010000000000000000001000101
11100011010110100000000000000111
00001010000000000000000001001110
11100011010110100000000000001000
00001010000000000000000001010111
11101110010000000000000000000000
11101110010000000000000011111110
11101110010000000000001000000000
11101110010000000000000011111110
11101110010000000000010000000101
11101110010000000000000011111110
11101110010000000000011000000000
11101110010000000000000011111110
11101110010000000000100000000000
11100010100010101010000000000001
11100001101011110000000000001110
11101110010000000000000000000001
11101110010000000000000100000001
11101110010000000000001000000001
11101110010000000000001100000001
11101110010000000000010000000001
11101110010000000000010100000001
11101110010000000000011000000001
11101110010000000000011100000001
11101110010000000000100000000001
11100010100010101010000000000001
11100001101011110000000000001110
11101110010000000000000000000000
11101110010000000000000100000000
11101110010000000000001000000000
11101110010000000000000011111110
11101110010000000000010000000001
11101110010000000000010100000000
11101110010000000000011000000000
11101110010000000000011100000000
11101110010000000000100000000000
11100010100010101010000000000001
11100001101011110000000000001110
11101110010000000000000011111110
11101110010000000000000011111110
11101110010000000000001000000000
11101110010000000000000011111110
11101110010000000000010000000001
11101110010000000000010100000001
11101110010000000000011000000000
11101110010000000000011100000001
11101110010000000000100000000010
11100010100010101010000000000001
11100001101011110000000000001110
11101110010000000000000000000000
11101110010000000000000100000001
11101110010000000000001000000000
11101110010000000000001100000001
11101110010000000000000011111110
11101110010000000000010100000001
11101110010000000000011000000000
11101110010000000000011100000001
11101110010000000000100000000000
11100010100010101010000000000001
11100001101011110000000000001110
11101110010000000000000011111110
11101110010000000000000100000000
11101110010000000000001000000001
11101110010000000000000011111110
11101110010000000000010000000000
11101110010000000000010100000010
11101110010000000000000011111110
11101110010000000000011100000000
11101110010000000000100000000001
11100010100010101010000000000001
11100001101011110000000000001110
11101110010000000000000000000000
11101110010000000000000100000001
11101110010000000000001000000000
11101110010000000000001100000001
11101110010000000000000011111110
11101110010000000000010100000001
11101110010000000000011000000000
11101110010000000000011100000001
11101110010000000000100000000000
11100010100010101010000000000001
11100001101011110000000000001110
11101110010000000000000000000001
11101110010000000000000100000001
11101110010000000000001000000001
11101110010000000000001100000001
11101110010000000000000011111110
11101110010000000000000011111110
11101110010000000000000011111110
11101110010000000000000011111110
11101110010000000000000011111110
11100010100010101010000000000001
11100001101011110000000000001110
11101110010000000000000011111110
11101110010000000000000100000001
11101110010000000000001000000001
11101110010000000000000011111110
11101110010000000000000011111110
11101110010000000000010100000001
11101110010000000000000011111110
11101110010000000000011100000001
11101110010000000000100000000001
11100011101010100000000000000000
11100001101011110000000000001110
11100011101000100000000000000000
11100011101000110000000000000000
11100011101001010000000000000000
11100001010100100000000000000110
00001010000000000000000000001001
11101100011000100001000000000000
11101100001000000010000110010001
11100010100000100010000000000100
11100010100000110011000000000001
11100011010100110000000000001000
00000000100001010111000000000110
00001100100001110010000000000000
00000011101000110000000000000000
00000000100001010101000000000010
11101010111111111111111111110100
11100000100001010111000000000110
11101100100001110010000000000000
11100001101011110000000000001110
11101010000000000000000000101001
11100011101000000000000000000000
11100011101000000000000000000000
11100011101000000000000000000000
11100011101000000000000000000000
11100011101000000000000000000000
11100011101000000000000000000000
11100101110000000001000000000000
11100101110000000010000000000100
11100101110000000011000000001000
11100101110000000100000000001100
11100101110000000101000000010000
11100101110000000110000000011000
11100101110000000111000000011100
11100101110000001000000000100000
11100101110000001001000000100100
11100101110000001010000000101000
11100101110000001011000000101100
11100101110000001100000000110000
11100101110000001101000000110100
11100101110000001110000000111000
11100010100000000001000000000001
11100101110000000001000000111100
11100101110100000001000000000000
11100101110100000010000000000100
11100101110100000011000000001000
11100101110100000100000000001100
11100101110100000101000000010000
11100101110100000110000000011000
11100101110100000111000000011100
11100101110100001000000000100000
11100101110100001001000000100100
11100101110100001010000000101000
11100101110100001011000000101100
11100101110100001100000000110000
11100101110100001101000000110100
11100101110100001110000000111000
11100011101000000000000000000000
11100011101000000000000000000000
11100011101000000000000000000000
11100011101000000000000000000000
11100011101000000000000000000000
11101010111111111111111111010101
11100011101000000000000000000000
11100011101000000000000000000000
11100011101000000000000000000000
11100011101000000000000000000000
11100011101000000000000000000000
